  0.900000    2.63038    4.55596 0.0
  2.970000    3.38518     5.8633 0.0
  5.661000    3.87948    6.71946 0.0
  8.855100    4.26412    7.38568 0.0
 12.368610     4.5761    7.92603 0.0
 16.233471    4.84672    8.39476 0.0
 20.484818    5.09089    8.81767 0.0
 25.161300    5.31695    9.20923 0.0
 30.305430     5.5301    9.57841 0.0
 35.963973     5.7338    9.93123 0.0
 42.188370    5.93049    10.2719 0.0
 49.035207    6.12198    10.6036 0.0
 56.566728    6.30963    10.9286 0.0
 64.851401    6.49451    11.2488 0.0
 73.964541    6.67748    11.5657 0.0
 83.988995    6.85924    11.8805 0.0
 95.015894    7.04038    12.1943 0.0
107.261004    7.22304    12.5107 0.0
121.104908    7.41071    12.8357 0.0
137.034456    7.60676    13.1753 0.0
155.683826    7.81464    13.5353 0.0
177.891974    8.03796    13.9222 0.0
204.541753    8.27858    14.3389 0.0
236.521487    8.53663    14.7859 0.0
274.897168     8.8122    15.2632 0.0
320.947985    9.10536     15.771 0.0
376.208966     9.4162    16.3093 0.0
442.522143    9.74482    16.8785 0.0
522.097955    10.0913    17.4787 0.0
617.588930    10.4559    18.1102 0.0
732.178099    10.8388    18.7734 0.0
