             0             20 0 0 0 0 0 0 -2.01908e-10 0 0 1.16852e-08 0 0 0 0 0 0 0 0 0 0
             0             60 0 0 0 0 0 0 -2.01908e-10 0 0 1.16852e-08 0 0 0 0 0 0 0 0 0 0
             0            100 0 0 0 0 0 0 -2.01908e-10 0 0 1.16852e-08 0 0 0 0 0 0 0 0 0 0
             0            140 0 0 0 0 0 0 -2.01908e-10 0 0 1.16852e-08 0 0 0 0 0 0 0 0 0 0
             0            180 0 0 0 0 0 0 -2.01908e-10 0 0 1.16852e-08 0 0 0 0 0 0 0 0 0 0
             0            220 0 0 0 0 0 0 -2.01908e-10 0 0 1.16852e-08 0 0 0 0 0 0 0 0 0 0
             0            260 0 0 0 0 0 0 -2.01908e-10 0 0 1.16852e-08 0 0 0 0 0 0 0 0 0 0
             0            300 0 0 0 0 0 0 -2.01908e-10 0 0 1.16852e-08 0 0 0 0 0 0 0 0 0 0
             0            340 0 0 0 0 0 0 -2.01908e-10 0 0 1.16852e-08 0 0 0 0 0 0 0 0 0 0
             0            380 0 0 0 0 0 0 -2.01908e-10 0 0 1.16852e-08 0 0 0 0 0 0 0 0 0 0
             0            420 0 0 0 0 0 0 -2.01908e-10 0 0 1.16852e-08 0 0 0 0 0 0 0 0 0 0
             0            460 0 0 0 0 0 0 -2.01908e-10 0 0 1.16852e-08 0 0 0 0 0 0 0 0 0 0
             0            500 0 0 0 0 0 0 -2.01908e-10 0 0 1.16852e-08 0 0 0 0 0 0 0 0 0 0
             0            540 0 0 0 0 0 0 -1.90084e-10 0 0 -3.46336e-09 0 0 0 0 0 0 0 0 0 0
             0            580 0 0 0 0 0 0 1.05956e-10 0 0 -8.76025e-09 0 0 0 0 0 0 0 0 0 0
             0            620 0 0 0 0 0 0 -2.29647e-10 0 0 7.85803e-09 0 0 0 0 0 0 0 0 0 0
             0            660 0 0 0 0 0 0 -2.68301e-11 0 0 -3.37604e-09 0 0 0 0 0 0 0 0 0 0
             0            700 0 0 0 0 0 0 1.27329e-10 0 0 -9.16771e-10 0 0 0 0 0 0 0 0 0 0
             0            740 1.29319e-12 0 0 0 0 0 -2.89674e-10 0 0 -1.17871e-09 2.72848e-11 0 0 0 0 0 0 0 0 0
             0            780 6.82121e-13 0 0 0 0 0 -2.26464e-10 0 0 6.37374e-09 -5.20686e-11 0 0 0 0 0 0 0 0 0
             0            820 2.38742e-12 0 0 0 0 0 -3.09683e-10 0 0 -3.20142e-09 -6.13909e-12 0 0 0 0 0 0 0 0 0
             0            860 -2.21689e-12 0 0 0 0 0 3.20142e-10 0 0 -1.60217e-08 -1.16643e-10 0 0 0 0 0 0 0 0 0
             0            900 4.49063e-12 0 0 0 0 0 -1.59162e-11 0 0 8.73115e-10 2.84217e-11 0 0 0 0 0 0 0 0 0
             0            940 7.60281e-12 0 0 0 0 0 3.41061e-11 0 0 -5.90808e-09 2.63753e-11 0 0 0 0 0 0 0 0 0
             0            980 1.68114e-11 0 0 0 0 0 -4.4156e-10 0 0 1.65892e-08 3.01497e-10 0 0 0 0 0 0 0 0 0
             0           1020 1.16529e-12 0 0 0 0 0 2.00998e-10 0 0 -1.71713e-08 -1.29603e-11 0 0 0 0 0 0 0 0 0
             0           1060 1.1056e-11 0 0 0 0 0 -1.54159e-10 0 0 2.16824e-09 2.49202e-10 0 0 0 0 0 0 0 0 0
             0           1100 3.76588e-12 0 0 0 0 0 -1.11413e-10 0 0 -2.12458e-09 -2.251e-11 0 0 0 0 0 0 0 0 0
             0           1140 4.7109e-12 0 0 0 0 0 -3.39696e-10 0 0 1.45228e-08 1.7053e-12 0 0 0 0 0 0 0 0 0
             0           1180 1.301e-11 0 0 0 0 0 -3.2378e-10 0 0 7.10133e-09 1.76328e-10 0 0 0 0 0 0 0 0 0
             0           1220 5.09459e-12 0 0 0 0 0 4.36557e-11 0 0 -8.68749e-09 -1.31877e-11 0 0 0 0 0 0 0 0 0
             0           1260 1.45803e-11 0 0 0 0 0 -1.2551e-10 0 0 -1.62981e-09 2.29988e-10 0 0 0 0 0 0 0 0 0
             0           1300 7.40386e-12 0 0 0 0 0 -3.82443e-10 0 0 2.99769e-09 -1.08002e-11 0 0 0 0 0 0 0 0 0
             0           1340 -1.7593e-11 0 0 0 0 0 1.33241e-10 0 0 1.79425e-08 -2.21007e-10 0 0 0 0 0 0 0 0 0
             0           1380 -7.21201e-12 0 0 0 0 0 3.58341e-10 0 0 -1.09721e-08 -2.01226e-11 0 0 0 0 0 0 0 0 0
             0           1420 -1.44311e-11 0 0 0 0 0 8.77662e-11 0 0 8.68749e-09 -2.46587e-10 0 0 0 0 0 0 0 0 0
             0           1460 -4.76064e-12 0 0 0 0 0 1.21872e-10 0 0 -1.57306e-08 -4.29736e-11 0 0 0 0 0 0 0 0 0
             0           1500 -8.98126e-12 0 0 0 0 0 2.81489e-10 0 0 -3.33239e-09 -7.82165e-11 0 0 0 0 0 0 0 0 0
             0           1540 -7.41096e-12 0 0 0 0 0 2.0782e-10 0 0 -6.98492e-10 -9.69749e-11 0 0 0 0 0 0 0 0 0
             0           1580 -2.55795e-12 0 0 0 0 0 2.10093e-10 0 0 -8.30914e-09 -1.76215e-11 0 0 0 0 0 0 0 0 0
             0           1620 2.38032e-12 0 0 0 0 0 -1.55524e-10 0 0 1.13505e-08 5.46834e-11 0 0 0 0 0 0 0 0 0
             0           1660 -7.14095e-12 0 0 0 0 0 -3.00133e-11 0 0 9.02219e-09 -7.10543e-11 0 0 0 0 0 0 0 0 0
             0           1700 -8.32046e-12 0 0 0 0 0 2.95131e-10 0 0 -5.13683e-09 -1.25169e-10 0 0 0 0 0 0 0 0 0
             0           1740 -7.10543e-12 0 0 0 0 0 1.50067e-10 0 0 -2.00234e-08 -9.39053e-11 0 0 0 0 0 0 0 0 0
             0           1780 -3.70903e-12 0 0 0 0 0 2.05546e-10 0 0 3.66708e-09 -2.47837e-11 0 0 0 0 0 0 0 0 0
             0           1820 -8.10019e-13 0 0 0 0 0 -2.55113e-10 0 0 2.23663e-08 1.33014e-11 0 0 0 0 0 0 0 0 0
             0           1860 -3.04112e-12 0 0 0 0 0 -5.72982e-11 0 0 9.21136e-09 -3.09228e-11 0 0 0 0 0 0 0 0 0
             0           1900 -3.06244e-12 0 0 0 0 0 1.35515e-10 0 0 4.33647e-09 -3.45608e-11 0 0 0 0 0 0 0 0 0
             0           1940 -1.58451e-12 0 0 0 0 0 3.2037e-10 0 0 -1.11613e-08 -2.86491e-11 0 0 0 0 0 0 0 0 0
             0           1980 7.81597e-14 0 0 0 0 0 -5.09317e-11 0 0 5.92263e-09 1.10276e-11 0 0 0 0 0 0 0 0 0
             0           2020 4.25615e-12 0 0 0 0 0 -6.09361e-11 0 0 -1.90339e-08 7.35554e-11 0 0 0 0 0 0 0 0 0
             0           2060 1.86162e-12 0 0 0 0 0 -2.45109e-10 0 0 2.02272e-09 1.95541e-11 0 0 0 0 0 0 0 0 0
             0           2100 4.13536e-12 0 0 0 0 0 -4.85898e-10 0 0 1.42027e-08 3.09797e-11 0 0 0 0 0 0 0 0 0
             0           2140 3.86535e-12 0 0 0 0 0 -4.95675e-11 0 0 1.29512e-08 1.46088e-11 0 0 0 0 0 0 0 0 0
             0           2180 3.15481e-12 0 0 0 0 0 -1.08457e-10 0 0 9.37143e-09 1.94973e-11 0 0 0 0 0 0 0 0 0
             0           2220 6.53699e-12 0 0 0 0 0 -1.52795e-10 0 0 -1.95869e-08 7.20775e-11 0 0 0 0 0 0 0 0 0
             0           2260 4.68248e-12 0 0 0 0 0 -2.27828e-10 0 0 1.39553e-08 6.42331e-12 0 0 0 0 0 0 0 0 0
             0           2300 1.93978e-12 0 0 0 0 0 1.47338e-10 0 0 -8.13452e-09 1.65414e-11 0 0 0 0 0 0 0 0 0
             0           2340 3.33245e-12 0 0 0 0 0 -5.00222e-11 0 0 -5.47152e-09 3.8483e-11 0 0 0 0 0 0 0 0 0
             0           2380 -3.2685e-13 0 0 0 0 0 4.04725e-11 0 0 -2.06346e-08 -3.75735e-11 0 0 0 0 0 0 0 0 0
             0           2420 1.08713e-12 0 0 0 0 0 -9.43601e-11 0 0 -6.88306e-09 6.65068e-12 0 0 0 0 0 0 0 0 0
             0           2460 -3.90799e-14 0 0 0 0 0 -3.09456e-10 0 0 1.92231e-08 -2.80806e-11 0 0 0 0 0 0 0 0 0
             0           2500 5.53868e-12 0 0 0 0 0 -2.0259e-10 0 0 1.08703e-08 5.99698e-11 0 0 0 0 0 0 0 0 0
             0           2540 6.00764e-12 0 0 0 0 0 -4.77485e-12 0 0 5.63159e-09 6.23004e-11 0 0 0 0 0 0 0 0 0
             0           2580 -6.91358e-12 0 0 0 0 0 2.32376e-10 0 0 -1.46392e-08 -7.30438e-11 0 0 0 0 0 0 0 0 0
             0           2620 -3.39284e-12 0 0 0 0 0 2.14186e-10 0 0 7.37782e-09 -3.38787e-11 0 0 0 0 0 0 0 0 0
             0           2660 -4.02878e-12 0 0 0 0 0 3.88809e-11 0 0 -3.23053e-09 -4.64411e-11 0 0 0 0 0 0 0 0 0
             0           2700 7.88702e-13 0 0 0 0 0 5.27507e-11 0 0 4.94765e-09 2.69438e-11 0 0 0 0 0 0 0 0 0
             0           2740 4.29878e-13 0 0 0 0 0 1.20508e-10 0 0 6.33008e-09 2.93312e-11 0 0 0 0 0 0 0 0 0
             0           2780 -1.5774e-12 0 0 0 0 0 1.95314e-10 0 0 -1.52068e-08 -1.86446e-11 0 0 0 0 0 0 0 0 0
             0           2820 1.36069e-12 0 0 0 0 0 -9.09495e-13 0 0 1.74623e-10 1.91562e-11 0 0 0 0 0 0 0 0 0
             0           2860 9.69891e-13 0 0 0 0 0 8.68567e-11 0 0 1.05501e-08 -6.65068e-12 0 0 0 0 0 0 0 0 0
             0           2900 -6.38778e-12 0 0 0 0 0 1.80762e-10 0 0 -9.93896e-09 -6.21014e-11 0 0 0 0 0 0 0 0 0
             0           2940 -5.00577e-12 0 0 0 0 0 1.71212e-10 0 0 -2.56405e-08 -5.16422e-11 0 0 0 0 0 0 0 0 0
             0           2980 -4.75708e-12 0 0 0 0 0 1.90767e-10 0 0 -5.44242e-09 -3.72893e-11 0 0 0 0 0 0 0 0 0
             0           3020 -1.81188e-13 0 0 0 0 0 -1.19826e-10 0 0 1.61672e-08 1.29035e-11 0 0 0 0 0 0 0 0 0
             0           3060 -3.92575e-12 0 0 0 0 0 -1.22782e-11 0 0 -1.22236e-09 -2.58922e-11 0 0 0 0 0 0 0 0 0
             0           3100 -1.87228e-12 0 0 0 0 0 1.74168e-10 0 0 -9.72068e-09 -7.87281e-12 0 0 0 0 0 0 0 0 0
             0           3140 -9.37916e-13 0 0 0 0 0 2.26009e-10 0 0 -4.16185e-09 -3.69482e-12 0 0 0 0 0 0 0 0 0
             0           3180 -1.112e-12 0 0 0 0 0 6.9349e-11 0 0 3.65253e-09 -8.21387e-12 0 0 0 0 0 0 0 0 0
             0           3220 4.51195e-13 0 0 0 0 0 7.18501e-11 0 0 1.65892e-09 6.0254e-12 0 0 0 0 0 0 0 0 0
             0           3260 1.22569e-12 0 0 0 0 0 -1.72804e-11 0 0 -7.18865e-09 1.04308e-11 0 0 0 0 0 0 0 0 0
             0           3300 6.25278e-13 0 0 0 0 0 -1.50521e-10 0 0 -2.99769e-09 -5.6275e-12 0 0 0 0 0 0 0 0 0
             0           3340 1.82609e-12 0 0 0 0 0 1.97815e-11 0 0 1.74623e-09 1.27613e-11 0 0 0 0 0 0 0 0 0
             0           3380 2.43006e-12 0 0 0 0 0 -1.53932e-10 0 0 1.62254e-08 1.77636e-11 0 0 0 0 0 0 0 0 0
             0           3420 2.5242e-12 0 0 0 0 0 -1.81899e-10 0 0 1.43191e-08 1.65556e-11 0 0 0 0 0 0 0 0 0
             0           3460 3.27027e-12 0 0 0 0 0 -1.38698e-11 0 0 -1.0099e-08 2.22542e-11 0 0 0 0 0 0 0 0 0
             0           3500 3.1477e-12 0 0 0 0 0 -8.61746e-11 0 0 -9.58971e-09 2.24816e-11 0 0 0 0 0 0 0 0 0
             0           3540 -1.9309e-12 0 0 0 0 0 4.95675e-11 0 0 1.02009e-08 -4.27747e-12 0 0 0 0 0 0 0 0 0
             0           3580 -2.34124e-12 0 0 0 0 0 5.97993e-11 0 0 1.89466e-08 -1.41256e-11 0 0 0 0 0 0 0 0 0
             0           3620 -2.13163e-14 0 0 0 0 0 3.56977e-11 0 0 -2.89583e-09 5.68434e-12 0 0 0 0 0 0 0 0 0
             0           3660 -1.5028e-12 0 0 0 0 0 1.06411e-10 0 0 -2.03727e-09 -1.28466e-11 0 0 0 0 0 0 0 0 0
             0           3700 -6.73239e-13 0 0 0 0 0 9.20863e-11 0 0 -1.63272e-08 -8.66862e-13 0 0 0 0 0 0 0 0 0
             0           3740 -1.45484e-12 0 0 0 0 0 -8.98126e-11 0 0 1.56579e-08 -8.29914e-12 0 0 0 0 0 0 0 0 0
             0           3780 -2.89546e-13 0 0 0 0 0 9.84528e-11 0 0 -6.88306e-09 -1.73372e-12 0 0 0 0 0 0 0 0 0
             0           3820 -2.80664e-13 0 0 0 0 0 7.38964e-12 0 0 -1.17871e-08 -8.31335e-13 0 0 0 0 0 0 0 0 0
             0           3860 1.9007e-13 0 0 0 0 0 3.52429e-12 0 0 1.38243e-09 -2.37321e-12 0 0 0 0 0 0 0 0 0
             0           3900 8.93507e-13 0 0 0 0 0 1.3415e-11 0 0 1.64437e-09 2.04636e-12 0 0 0 0 0 0 0 0 0
             0           3940 1.62004e-12 0 0 0 0 0 -6.37783e-11 0 0 4.75848e-09 1.07079e-11 0 0 0 0 0 0 0 0 0
             0           3980 2.05702e-12 0 0 0 0 0 -1.45064e-10 0 0 -4.99131e-09 1.19371e-11 0 0 0 0 0 0 0 0 0
             0             20 1.7075e-05 4.54459e-07 0 1.69228e-05 0 0 2.89349e-06 1.36728e-07 0 0.0032625 -1.96019e-09 1.40005e-09 0 0.000406954 -0.000145408 0 0 0 0 0
             0             60 1.68149e-05 1.3147e-07 0 1.64182e-05 0 0 5.09745e-06 -9.50913e-07 0 0.00330083 -9.19272e-10 -2.37714e-09 0 -0.000306091 6.89297e-05 0 0 0 0 0
             0            100 1.64108e-05 -1.46733e-07 0 1.66131e-05 0 0 4.84269e-06 -9.24225e-06 0 0.00324642 -5.76165e-10 5.32236e-10 0 -0.000265595 -3.24574e-05 0 0 0 0 0
             0            140 1.69316e-05 1.13412e-07 0 1.67393e-05 0 0 1.96498e-07 9.51042e-07 0 0.00336622 9.70431e-10 -1.73796e-09 0 -0.000434895 1.89689e-05 0 0 0 0 0
             0            180 1.7309e-05 6.09393e-08 0 1.64779e-05 0 0 -5.12682e-06 8.84842e-07 0 0.00330611 3.78623e-09 -5.13907e-11 0 0.000417988 -0.000164205 0 0 0 0 0
             0            220 1.61754e-05 -3.79445e-07 0 1.69705e-05 0 0 -4.8381e-08 2.22501e-06 0 0.00334409 -1.08685e-09 1.17659e-09 0 -0.000263782 -0.000152231 0 0 0 0 0
             0            260 1.7228e-05 -1.63515e-07 0 1.64437e-05 0 0 -4.46852e-06 1.09065e-06 0 0.00335864 2.77828e-09 1.6876e-09 0 0.000354726 3.857e-05 0 0 0 0 0
             0            300 1.67218e-05 4.76194e-07 0 1.67597e-05 0 0 -1.37556e-06 1.70266e-06 0 0.00342283 1.1155e-09 2.08379e-09 0 2.81036e-05 -0.000132648 0 0 0 0 0
             0            340 1.66882e-05 -2.05697e-07 0 1.65574e-05 0 0 8.41732e-07 4.96407e-07 0 0.00332591 1.18916e-09 2.47581e-09 0 -0.00056541 -4.54926e-05 0 0 0 0 0
             0            380 1.66706e-05 -2.91036e-07 0 1.67132e-05 0 0 -2.42445e-06 -8.28325e-07 0 0.00335741 -1.23487e-09 -9.10509e-10 0 -0.000154047 0.000235279 0 0 0 0 0
             0            420 1.66066e-05 -1.50423e-07 0 1.64012e-05 0 0 1.28459e-06 9.84583e-07 0 0.00346605 -1.6646e-09 7.01196e-10 0 0.00031175 -0.000357013 0 0 0 0 0
             0            460 1.66889e-05 8.00236e-08 0 1.71716e-05 0 0 2.97156e-06 -4.24682e-06 0 0.00330468 8.64247e-10 -1.2274e-09 0 6.47247e-05 -0.000174902 0 0 0 0 0
             0            500 1.66667e-05 1.5505e-07 0 1.64894e-05 0 0 2.61216e-07 -4.17545e-06 0 0.00331299 -1.37288e-09 1.50599e-09 0 0.000100304 -5.83038e-05 0 0 0 0 0
             0            540 1.67681e-05 2.38702e-07 0 1.65123e-05 0 0 -8.73293e-07 -1.14232e-06 0 0.00345497 -2.16278e-09 1.4994e-09 0 0.000132516 2.59889e-05 0 0 0 0 0
             0            580 1.71261e-05 1.26693e-07 0 1.61976e-05 0 0 -7.838e-07 -2.02485e-06 0 0.00342316 1.87629e-09 -1.5391e-09 0 -0.000233009 -0.000624217 0 0 0 0 0
             0            620 1.65672e-05 -1.22185e-07 0 1.68056e-05 0 0 -4.605e-07 -3.93695e-06 0 0.00344621 1.36765e-09 1.65543e-09 0 -7.12927e-05 0.000151378 0 0 0 0 0
             0            660 1.65266e-05 3.41651e-07 0 1.6896e-05 0 0 4.74145e-06 8.74965e-06 0 0.00343575 2.43199e-09 -1.00694e-09 0 2.60353e-05 -0.000181707 0 0 0 0 0
             0            700 1.62428e-05 -2.74699e-07 0 1.68384e-05 0 0 4.33618e-06 3.4599e-06 0 0.00343656 -2.32512e-09 9.2566e-12 0 0.000235687 -3.79464e-05 0 0 0 0 0
             0            740 1.6826e-05 -7.58898e-08 0 1.66613e-05 0 0 -2.80607e-06 1.20357e-06 0 0.00336127 -8.2764e-11 -8.16139e-10 0 -0.000305106 -6.67716e-05 0 0 0 0 0
             0            780 1.70286e-05 -4.49462e-07 0 1.67123e-05 0 0 -5.58411e-07 1.83427e-06 0 0.00347139 -3.5991e-09 -2.69615e-09 0 0.000290063 6.51242e-05 0 0 0 0 0
             0            820 1.72944e-05 -2.99029e-07 0 1.67162e-05 0 0 2.45743e-06 1.79705e-06 0 0.00347341 -1.2717e-09 3.49367e-10 0 -0.000206453 -0.000208784 0 0 0 0 0
             0            860 1.7164e-05 1.22701e-07 0 1.70975e-05 0 0 8.53155e-06 2.90043e-06 0 0.00349228 -5.58316e-09 3.42112e-09 0 -0.000175925 8.3427e-05 0 0 0 0 0
             0            900 1.67013e-05 -2.57233e-07 0 1.68673e-05 0 0 3.39694e-06 -6.07504e-06 0 0.00345192 1.1778e-10 -4.70781e-10 0 5.3981e-05 -0.000282215 0 0 0 0 0
             0            940 1.61488e-05 -3.62734e-07 0 1.66102e-05 0 0 -2.73894e-06 -1.28444e-06 0 0.00345965 -3.7021e-09 3.62001e-10 0 0.000289503 2.34901e-05 0 0 0 0 0
             0            980 1.65818e-05 -4.01528e-08 0 1.60402e-05 0 0 -1.96629e-06 -6.86685e-07 0 0.00350622 -1.95996e-10 -4.36259e-09 0 -1.93882e-05 0.000294992 0 0 0 0 0
             0           1020 1.71444e-05 1.89019e-07 0 1.71887e-05 0 0 -3.80121e-06 -6.97492e-06 0 0.00364731 -9.78389e-10 -3.13143e-09 0 -6.94741e-05 -6.46386e-05 0 0 0 0 0
             0           1060 1.6425e-05 -6.62662e-08 0 1.62519e-05 0 0 6.1118e-06 -1.85943e-07 0 0.00361986 -1.40312e-09 9.07279e-10 0 3.71132e-05 -0.00019036 0 0 0 0 0
             0           1100 1.66982e-05 -6.67177e-08 0 1.60989e-05 0 0 5.8247e-07 5.96045e-06 0 0.00353677 -7.66704e-10 -2.80988e-10 0 -1.09624e-05 3.8279e-05 0 0 0 0 0
             0           1140 1.66168e-05 6.24318e-08 0 1.64244e-05 0 0 -2.86111e-06 1.52304e-06 0 0.00363503 -4.00632e-10 -1.80724e-09 0 0.000200969 4.76901e-05 0 0 0 0 0
             0           1180 1.67807e-05 1.70535e-07 0 1.69557e-05 0 0 1.47471e-06 -1.33848e-06 0 0.00364205 -2.00089e-10 -2.61387e-09 0 -0.00016755 -0.000244223 0 0 0 0 0
             0           1220 1.61561e-05 -5.42145e-07 0 1.60409e-05 0 0 -6.51039e-06 1.23305e-06 0 0.00359002 -7.77845e-10 -2.4334e-10 0 -0.000106282 -7.42823e-05 0 0 0 0 0
             0           1260 1.67084e-05 -3.09735e-07 0 1.67254e-05 0 0 4.4154e-06 -4.60426e-06 0 0.00364126 -5.37511e-10 -8.34013e-10 0 -2.03657e-05 6.37376e-05 0 0 0 0 0
             0           1300 1.68534e-05 2.2664e-07 0 1.70977e-05 0 0 -3.08271e-06 7.39783e-06 0 0.00360537 -1.06775e-09 5.51318e-10 0 -0.000236547 0.000371987 0 0 0 0 0
             0           1340 1.70243e-05 4.2965e-08 0 1.70014e-05 0 0 -9.71246e-07 2.81555e-06 0 0.00363055 -3.85967e-10 9.41537e-11 0 9.45606e-05 0.00010322 0 0 0 0 0
             0           1380 1.66749e-05 1.40307e-07 0 1.58992e-05 0 0 -2.68384e-06 3.97624e-06 0 0.00362332 2.67733e-10 2.01496e-10 0 1.00335e-05 8.40464e-05 0 0 0 0 0
             0           1420 1.6623e-05 3.01483e-07 0 1.63765e-05 0 0 -1.35798e-07 -4.67551e-06 0 0.0037292 -3.23405e-09 2.81116e-09 0 0.000176646 -9.40303e-05 0 0 0 0 0
             0           1460 1.65668e-05 -1.76671e-07 0 1.65693e-05 0 0 1.63793e-06 -6.11511e-07 0 0.00358584 5.1773e-10 -1.06978e-09 0 -9.32614e-05 -8.17254e-05 0 0 0 0 0
             0           1500 1.69052e-05 1.26477e-07 0 1.64611e-05 0 0 6.50587e-06 8.9124e-07 0 0.00364096 -3.25485e-10 9.98886e-10 0 -0.000110098 -0.000107438 0 0 0 0 0
             0           1540 1.67345e-05 2.09977e-07 0 1.67034e-05 0 0 4.91039e-06 -2.38178e-06 0 0.00369294 -3.61524e-10 1.41903e-09 0 -0.000354367 4.76231e-05 0 0 0 0 0
             0           1580 1.63947e-05 -2.26721e-07 0 1.63583e-05 0 0 -3.76512e-06 2.33582e-06 0 0.00363249 1.34708e-09 -6.24975e-10 0 6.14471e-05 -0.000221717 0 0 0 0 0
             0           1620 2.38032e-12 0 0 0 0 0 -1.55524e-10 0 0 1.13505e-08 5.46834e-11 0 0 0 0 0 0 0 0 0
             0           1660 -7.14095e-12 0 0 0 0 0 -3.00133e-11 0 0 9.02219e-09 -7.10543e-11 0 0 0 0 0 0 0 0 0
             0           1700 -8.32046e-12 0 0 0 0 0 2.95131e-10 0 0 -5.13683e-09 -1.25169e-10 0 0 0 0 0 0 0 0 0
             0           1740 -7.10543e-12 0 0 0 0 0 1.50067e-10 0 0 -2.00234e-08 -9.39053e-11 0 0 0 0 0 0 0 0 0
             0           1780 -3.70903e-12 0 0 0 0 0 2.05546e-10 0 0 3.66708e-09 -2.47837e-11 0 0 0 0 0 0 0 0 0
             0           1820 -8.10019e-13 0 0 0 0 0 -2.55113e-10 0 0 2.23663e-08 1.33014e-11 0 0 0 0 0 0 0 0 0
             0           1860 -3.04112e-12 0 0 0 0 0 -5.72982e-11 0 0 9.21136e-09 -3.09228e-11 0 0 0 0 0 0 0 0 0
             0           1900 -3.06244e-12 0 0 0 0 0 1.35515e-10 0 0 4.33647e-09 -3.45608e-11 0 0 0 0 0 0 0 0 0
             0           1940 -1.58451e-12 0 0 0 0 0 3.2037e-10 0 0 -1.11613e-08 -2.86491e-11 0 0 0 0 0 0 0 0 0
             0           1980 7.81597e-14 0 0 0 0 0 -5.09317e-11 0 0 5.92263e-09 1.10276e-11 0 0 0 0 0 0 0 0 0
             0           2020 4.25615e-12 0 0 0 0 0 -6.09361e-11 0 0 -1.90339e-08 7.35554e-11 0 0 0 0 0 0 0 0 0
             0           2060 1.86162e-12 0 0 0 0 0 -2.45109e-10 0 0 2.02272e-09 1.95541e-11 0 0 0 0 0 0 0 0 0
             0           2100 4.13536e-12 0 0 0 0 0 -4.85898e-10 0 0 1.42027e-08 3.09797e-11 0 0 0 0 0 0 0 0 0
             0           2140 3.86535e-12 0 0 0 0 0 -4.95675e-11 0 0 1.29512e-08 1.46088e-11 0 0 0 0 0 0 0 0 0
             0           2180 3.15481e-12 0 0 0 0 0 -1.08457e-10 0 0 9.37143e-09 1.94973e-11 0 0 0 0 0 0 0 0 0
             0           2220 6.53699e-12 0 0 0 0 0 -1.52795e-10 0 0 -1.95869e-08 7.20775e-11 0 0 0 0 0 0 0 0 0
             0           2260 4.68248e-12 0 0 0 0 0 -2.27828e-10 0 0 1.39553e-08 6.42331e-12 0 0 0 0 0 0 0 0 0
             0           2300 1.93978e-12 0 0 0 0 0 1.47338e-10 0 0 -8.13452e-09 1.65414e-11 0 0 0 0 0 0 0 0 0
             0           2340 3.33245e-12 0 0 0 0 0 -5.00222e-11 0 0 -5.47152e-09 3.8483e-11 0 0 0 0 0 0 0 0 0
             0           2380 -3.2685e-13 0 0 0 0 0 4.04725e-11 0 0 -2.06346e-08 -3.75735e-11 0 0 0 0 0 0 0 0 0
             0           2420 1.08713e-12 0 0 0 0 0 -9.43601e-11 0 0 -6.88306e-09 6.65068e-12 0 0 0 0 0 0 0 0 0
             0           2460 -3.90799e-14 0 0 0 0 0 -3.09456e-10 0 0 1.92231e-08 -2.80806e-11 0 0 0 0 0 0 0 0 0
             0           2500 5.53868e-12 0 0 0 0 0 -2.0259e-10 0 0 1.08703e-08 5.99698e-11 0 0 0 0 0 0 0 0 0
             0           2540 6.00764e-12 0 0 0 0 0 -4.77485e-12 0 0 5.63159e-09 6.23004e-11 0 0 0 0 0 0 0 0 0
             0           2580 -6.91358e-12 0 0 0 0 0 2.32376e-10 0 0 -1.46392e-08 -7.30438e-11 0 0 0 0 0 0 0 0 0
             0           2620 -3.39284e-12 0 0 0 0 0 2.14186e-10 0 0 7.37782e-09 -3.38787e-11 0 0 0 0 0 0 0 0 0
             0           2660 -4.02878e-12 0 0 0 0 0 3.88809e-11 0 0 -3.23053e-09 -4.64411e-11 0 0 0 0 0 0 0 0 0
             0           2700 7.88702e-13 0 0 0 0 0 5.27507e-11 0 0 4.94765e-09 2.69438e-11 0 0 0 0 0 0 0 0 0
             0           2740 4.29878e-13 0 0 0 0 0 1.20508e-10 0 0 6.33008e-09 2.93312e-11 0 0 0 0 0 0 0 0 0
             0           2780 -1.5774e-12 0 0 0 0 0 1.95314e-10 0 0 -1.52068e-08 -1.86446e-11 0 0 0 0 0 0 0 0 0
             0           2820 1.36069e-12 0 0 0 0 0 -9.09495e-13 0 0 1.74623e-10 1.91562e-11 0 0 0 0 0 0 0 0 0
             0           2860 9.69891e-13 0 0 0 0 0 8.68567e-11 0 0 1.05501e-08 -6.65068e-12 0 0 0 0 0 0 0 0 0
             0           2900 -6.38778e-12 0 0 0 0 0 1.80762e-10 0 0 -9.93896e-09 -6.21014e-11 0 0 0 0 0 0 0 0 0
             0           2940 -5.00577e-12 0 0 0 0 0 1.71212e-10 0 0 -2.56405e-08 -5.16422e-11 0 0 0 0 0 0 0 0 0
             0           2980 -4.75708e-12 0 0 0 0 0 1.90767e-10 0 0 -5.44242e-09 -3.72893e-11 0 0 0 0 0 0 0 0 0
             0           3020 -1.81188e-13 0 0 0 0 0 -1.19826e-10 0 0 1.61672e-08 1.29035e-11 0 0 0 0 0 0 0 0 0
             0           3060 -3.92575e-12 0 0 0 0 0 -1.22782e-11 0 0 -1.22236e-09 -2.58922e-11 0 0 0 0 0 0 0 0 0
             0           3100 -1.87228e-12 0 0 0 0 0 1.74168e-10 0 0 -9.72068e-09 -7.87281e-12 0 0 0 0 0 0 0 0 0
             0           3140 -9.37916e-13 0 0 0 0 0 2.26009e-10 0 0 -4.16185e-09 -3.69482e-12 0 0 0 0 0 0 0 0 0
             0           3180 -1.112e-12 0 0 0 0 0 6.9349e-11 0 0 3.65253e-09 -8.21387e-12 0 0 0 0 0 0 0 0 0
             0           3220 4.51195e-13 0 0 0 0 0 7.18501e-11 0 0 1.65892e-09 6.0254e-12 0 0 0 0 0 0 0 0 0
             0           3260 1.22569e-12 0 0 0 0 0 -1.72804e-11 0 0 -7.18865e-09 1.04308e-11 0 0 0 0 0 0 0 0 0
             0           3300 6.25278e-13 0 0 0 0 0 -1.50521e-10 0 0 -2.99769e-09 -5.6275e-12 0 0 0 0 0 0 0 0 0
             0           3340 1.82609e-12 0 0 0 0 0 1.97815e-11 0 0 1.74623e-09 1.27613e-11 0 0 0 0 0 0 0 0 0
             0           3380 2.43006e-12 0 0 0 0 0 -1.53932e-10 0 0 1.62254e-08 1.77636e-11 0 0 0 0 0 0 0 0 0
             0           3420 2.5242e-12 0 0 0 0 0 -1.81899e-10 0 0 1.43191e-08 1.65556e-11 0 0 0 0 0 0 0 0 0
             0           3460 3.27027e-12 0 0 0 0 0 -1.38698e-11 0 0 -1.0099e-08 2.22542e-11 0 0 0 0 0 0 0 0 0
             0           3500 3.1477e-12 0 0 0 0 0 -8.61746e-11 0 0 -9.58971e-09 2.24816e-11 0 0 0 0 0 0 0 0 0
             0           3540 -1.9309e-12 0 0 0 0 0 4.95675e-11 0 0 1.02009e-08 -4.27747e-12 0 0 0 0 0 0 0 0 0
             0           3580 -2.34124e-12 0 0 0 0 0 5.97993e-11 0 0 1.89466e-08 -1.41256e-11 0 0 0 0 0 0 0 0 0
             0           3620 -2.13163e-14 0 0 0 0 0 3.56977e-11 0 0 -2.89583e-09 5.68434e-12 0 0 0 0 0 0 0 0 0
             0           3660 -1.5028e-12 0 0 0 0 0 1.06411e-10 0 0 -2.03727e-09 -1.28466e-11 0 0 0 0 0 0 0 0 0
             0           3700 -6.73239e-13 0 0 0 0 0 9.20863e-11 0 0 -1.63272e-08 -8.66862e-13 0 0 0 0 0 0 0 0 0
             0           3740 -1.45484e-12 0 0 0 0 0 -8.98126e-11 0 0 1.56579e-08 -8.29914e-12 0 0 0 0 0 0 0 0 0
             0           3780 -2.89546e-13 0 0 0 0 0 9.84528e-11 0 0 -6.88306e-09 -1.73372e-12 0 0 0 0 0 0 0 0 0
             0           3820 -2.80664e-13 0 0 0 0 0 7.38964e-12 0 0 -1.17871e-08 -8.31335e-13 0 0 0 0 0 0 0 0 0
             0           3860 1.9007e-13 0 0 0 0 0 3.52429e-12 0 0 1.38243e-09 -2.37321e-12 0 0 0 0 0 0 0 0 0
             0           3900 8.93507e-13 0 0 0 0 0 1.3415e-11 0 0 1.64437e-09 2.04636e-12 0 0 0 0 0 0 0 0 0
             0           3940 1.62004e-12 0 0 0 0 0 -6.37783e-11 0 0 4.75848e-09 1.07079e-11 0 0 0 0 0 0 0 0 0
             0           3980 2.05702e-12 0 0 0 0 0 -1.45064e-10 0 0 -4.99131e-09 1.19371e-11 0 0 0 0 0 0 0 0 0
             0             20 1.69046e-05 3.55696e-07 0 1.65321e-05 0 0 6.15384e-06 2.79819e-06 0 0.00333768 6.12545e-10 2.49743e-09 0 0.00022935 -4.39698e-05 0 0 0 0 0
             0             60 1.64454e-05 -1.95499e-07 0 1.69334e-05 0 0 2.37648e-06 1.27035e-06 0 0.00336091 -3.44539e-09 1.04548e-10 0 0.000207862 0.000334067 0 0 0 0 0
             0            100 1.73025e-05 6.17208e-07 0 1.70401e-05 0 0 5.6786e-06 -4.87755e-06 0 0.00322647 1.30194e-09 2.40677e-09 0 0.000266061 -0.000367321 0 0 0 0 0
             0            140 1.65364e-05 -3.41739e-07 0 1.60641e-05 0 0 5.51672e-06 1.78039e-06 0 0.0033454 4.25734e-09 1.56073e-09 0 -0.00047747 -0.000168618 0 0 0 0 0
             0            180 1.70879e-05 -2.93691e-07 0 1.64175e-05 0 0 2.93834e-06 -4.04914e-06 0 0.00331683 -2.70575e-10 2.27877e-09 0 -5.69248e-05 0.000128881 0 0 0 0 0
             0            220 1.66279e-05 -1.68776e-07 0 1.63772e-05 0 0 -2.60219e-06 -2.75089e-06 0 0.00337071 -2.43858e-09 3.72123e-09 0 4.3558e-05 1.64393e-05 0 0 0 0 0
             0            260 1.70101e-05 7.92251e-09 0 1.66025e-05 0 0 -4.40466e-07 2.45139e-06 0 0.00333129 2.76827e-09 9.51892e-10 0 0.00018275 0.000171517 0 0 0 0 0
             0            300 1.7364e-05 -8.05728e-08 0 1.61116e-05 0 0 -2.63104e-06 3.0365e-06 0 0.00339747 1.67438e-09 -3.03908e-10 0 0.000261727 4.47599e-07 0 0 0 0 0
             0            340 1.68122e-05 -5.92586e-08 0 1.68954e-05 0 0 2.62494e-06 -1.02563e-06 0 0.00329557 -4.5975e-10 -1.71717e-09 0 0.000101365 0.000312536 0 0 0 0 0
             0            380 1.6649e-05 -8.18267e-07 0 1.71931e-05 0 0 1.18626e-06 -3.99396e-06 0 0.00331283 -2.1198e-09 5.80991e-10 0 0.000131671 -0.000122788 0 0 0 0 0
             0            420 1.62708e-05 -1.39818e-07 0 1.7282e-05 0 0 -8.00734e-07 -2.53241e-07 0 0.00343841 -8.71296e-10 -7.04362e-10 0 -7.72972e-06 -8.04804e-05 0 0 0 0 0
             0            460 1.69266e-05 2.38271e-07 0 1.58232e-05 0 0 -1.20661e-06 -2.33946e-06 0 0.00342752 1.628e-09 3.8208e-10 0 -4.99832e-05 -0.000193585 0 0 0 0 0
             0            500 1.65739e-05 1.19501e-07 0 1.66275e-05 0 0 6.03746e-06 4.1132e-06 0 0.00344014 -8.21728e-10 1.40943e-10 0 6.47332e-05 0.000354338 0 0 0 0 0
             0            540 1.69557e-05 4.92805e-07 0 1.65782e-05 0 0 3.74453e-06 4.28583e-06 0 0.00337064 1.29694e-09 1.6655e-10 0 0.000239495 -0.000372577 0 0 0 0 0
             0            580 1.65082e-05 -1.51052e-07 0 1.68718e-05 0 0 5.11041e-06 -8.8764e-07 0 0.00346652 4.57908e-09 1.42051e-09 0 0.000159688 -0.000379772 0 0 0 0 0
             0            620 1.63472e-05 -9.80788e-08 0 1.69942e-05 0 0 -2.76352e-07 -1.59354e-06 0 0.0034778 7.66249e-11 -1.44797e-09 0 -1.27536e-05 7.01039e-05 0 0 0 0 0
             0            660 1.73406e-05 8.3766e-08 0 1.61313e-05 0 0 2.2819e-06 -4.72633e-06 0 0.0034007 2.28692e-09 8.89808e-10 0 0.000296799 -8.30116e-05 0 0 0 0 0
             0            700 1.61222e-05 1.40355e-07 0 1.66845e-05 0 0 -1.12057e-06 1.21888e-06 0 0.00345995 -1.99179e-09 3.52707e-09 0 -0.000143226 0.000368395 0 0 0 0 0
             0            740 1.62156e-05 -1.36489e-07 0 1.67202e-05 0 0 2.20742e-06 -2.05144e-06 0 0.0035251 4.54975e-10 2.02301e-09 0 -0.000207479 -8.92105e-05 0 0 0 0 0
             0            780 1.69625e-05 4.61456e-07 0 1.59386e-05 0 0 3.56644e-06 3.12233e-06 0 0.00351495 1.64164e-10 -1.51215e-09 0 -0.000275112 -0.00024213 0 0 0 0 0
             0            820 1.66607e-05 -1.0225e-07 0 1.63596e-05 0 0 3.66774e-06 4.8273e-06 0 0.00340945 -1.57797e-10 -2.70464e-09 0 -0.000355174 0.00018031 0 0 0 0 0
             0            860 1.64593e-05 5.09199e-07 0 1.70993e-05 0 0 -3.18189e-06 2.47678e-07 0 0.00344453 6.41194e-11 1.12731e-09 0 -0.000146797 0.000153655 0 0 0 0 0
             0            900 1.65843e-05 2.25902e-07 0 1.66698e-05 0 0 5.72742e-06 -3.22426e-06 0 0.0035349 2.03659e-09 -7.58389e-10 0 0.000182093 -3.91093e-06 0 0 0 0 0
             0            940 1.70163e-05 2.79066e-07 0 1.66484e-05 0 0 -5.48519e-07 3.37318e-06 0 0.00350691 1.68279e-09 -2.80683e-10 0 0.000407495 -0.000164975 0 0 0 0 0
             0            980 1.63408e-05 -2.29034e-07 0 1.60433e-05 0 0 3.81606e-06 4.43166e-06 0 0.00354185 2.47564e-09 -6.58805e-10 0 1.31816e-05 -0.000162614 0 0 0 0 0
             0           1020 1.65885e-05 -4.40848e-08 0 1.76184e-05 0 0 -4.00231e-06 -9.24086e-06 0 0.00358176 1.39744e-09 3.45949e-10 0 0.00011697 -5.1231e-05 0 0 0 0 0
             0           1060 1.70781e-05 9.46024e-08 0 1.68744e-05 0 0 -3.30014e-06 1.01764e-06 0 0.00361142 2.44017e-09 -1.5327e-09 0 -1.15003e-05 -0.000233988 0 0 0 0 0
             0           1100 1.70839e-05 -1.09935e-07 0 1.65913e-05 0 0 -3.81154e-06 -3.06673e-06 0 0.00355172 -2.98473e-09 -2.06655e-09 0 -0.000268065 -3.17896e-05 0 0 0 0 0
             0           1140 1.59817e-05 7.25502e-08 0 1.66427e-05 0 0 4.65647e-06 -2.05662e-06 0 0.00354077 -3.52088e-09 -3.27528e-09 0 -5.06428e-05 -0.000174278 0 0 0 0 0
             0           1180 1.69098e-05 1.73101e-07 0 1.63356e-05 0 0 -8.54864e-06 -5.33276e-06 0 0.00354988 7.73639e-10 1.41296e-09 0 -0.000153122 -0.000292523 0 0 0 0 0
             0           1220 1.66655e-05 -6.21113e-07 0 1.71927e-05 0 0 -4.86424e-06 5.52144e-06 0 0.00358056 -9.14497e-10 3.34988e-09 0 3.37883e-05 1.9504e-05 0 0 0 0 0
             0           1260 1.69317e-05 -1.70701e-07 0 1.673e-05 0 0 2.73196e-06 -4.46442e-07 0 0.00362249 -9.52696e-10 6.94271e-10 0 -0.000118407 -2.49829e-05 0 0 0 0 0
             0           1300 1.63314e-05 -2.75085e-07 0 1.68574e-05 0 0 7.87016e-07 6.28712e-07 0 0.0036018 1.60003e-09 3.95646e-10 0 4.03936e-05 -0.000175516 0 0 0 0 0
             0           1340 1.61073e-05 -3.75933e-07 0 1.62817e-05 0 0 -3.11313e-06 -3.829e-06 0 0.00356258 1.33218e-09 -4.22676e-09 0 -1.45649e-05 -0.000263135 0 0 0 0 0
             0           1380 1.65477e-05 7.58435e-08 0 1.67897e-05 0 0 1.75949e-06 -3.73197e-07 0 0.00362745 -1.21759e-09 -8.98655e-10 0 -0.000153991 -8.40521e-05 0 0 0 0 0
             0           1420 1.65077e-05 -2.92134e-07 0 1.65553e-05 0 0 -1.38032e-06 -5.33444e-07 0 0.00355512 1.1571e-09 -1.33119e-09 0 8.19278e-05 0.000106257 0 0 0 0 0
             0           1460 1.64011e-05 -5.14927e-07 0 1.70165e-05 0 0 -9.90814e-07 8.35431e-06 0 0.00370298 8.49013e-10 1.30855e-09 0 0.000128065 0.000113444 0 0 0 0 0
             0           1500 1.65349e-05 -9.14173e-08 0 1.63192e-05 0 0 -8.30701e-06 -1.02415e-05 0 0.00363913 2.28306e-09 2.70976e-09 0 3.44749e-05 -7.28896e-05 0 0 0 0 0
             0           1540 1.70066e-05 3.26029e-07 0 1.6557e-05 0 0 3.40733e-06 2.23916e-06 0 0.0036347 -9.88507e-10 8.1571e-10 0 0.00015768 -6.15703e-05 0 0 0 0 0
             0           1580 1.67353e-05 4.36378e-07 0 1.65134e-05 0 0 -1.73377e-07 2.91391e-06 0 0.00370918 -5.45549e-09 4.13051e-09 0 0.000142223 -0.000206675 0 0 0 0 0
             0           1620 -8.66862e-13 0 0 0 0 0 -1.36424e-12 0 0 1.17871e-09 -1.08002e-11 0 0 0 0 0 0 0 0 0
             0           1660 1.33582e-12 0 0 0 0 0 -3.72893e-11 0 0 1.45519e-09 1.86446e-11 0 0 0 0 0 0 0 0 0
             0           1700 1.4424e-12 0 0 0 0 0 -8.36735e-11 0 0 2.32831e-10 1.78488e-11 0 0 0 0 0 0 0 0 0
             0           1740 8.88178e-13 0 0 0 0 0 -2.63753e-11 0 0 5.86442e-09 5.11591e-12 0 0 0 0 0 0 0 0 0
             0           1780 2.50822e-12 0 0 0 0 0 -1.09594e-10 0 0 3.46336e-09 3.54703e-11 0 0 0 0 0 0 0 0 0
             0           1820 -2.15294e-12 0 0 0 0 0 7.86713e-11 0 0 -3.66708e-09 -2.59206e-11 0 0 0 0 0 0 0 0 0
             0           1860 -4.05009e-13 0 0 0 0 0 5.27507e-11 0 0 -3.0559e-09 -1.36424e-12 0 0 0 0 0 0 0 0 0
             0           1900 -1.66267e-12 0 0 0 0 0 5.77529e-11 0 0 -1.65892e-09 -1.73941e-11 0 0 0 0 0 0 0 0 0
             0           1940 -8.45546e-13 0 0 0 0 0 9.77707e-12 0 0 -2.35741e-09 -1.84173e-11 0 0 0 0 0 0 0 0 0
             0           1980 1.03739e-12 0 0 0 0 0 -8.04903e-11 0 0 2.38651e-09 1.65983e-11 0 0 0 0 0 0 0 0 0
             0           2020 9.37916e-13 0 0 0 0 0 -1.37334e-10 0 0 5.3551e-09 4.43379e-12 0 0 0 0 0 0 0 0 0
             0           2060 1.1724e-12 0 0 0 0 0 -9.23137e-11 0 0 1.61526e-09 1.5973e-11 0 0 0 0 0 0 0 0 0
             0           2100 1.79767e-12 0 0 0 0 0 -1.59162e-12 0 0 -4.22006e-10 1.38698e-11 0 0 0 0 0 0 0 0 0
             0           2140 -8.95284e-13 0 0 0 0 0 8.6402e-11 0 0 -3.89991e-09 -6.25278e-12 0 0 0 0 0 0 0 0 0
             0           2180 -7.81597e-14 0 0 0 0 0 2.09184e-11 0 0 -1.30967e-10 3.80851e-12 0 0 0 0 0 0 0 0 0
             0           2220 -1.4353e-12 0 0 0 0 0 7.61702e-11 0 0 -1.45519e-11 -2.467e-11 0 0 0 0 0 0 0 0 0
             0           2260 1.13687e-13 0 0 0 0 0 2.11458e-11 0 0 9.16771e-10 7.27596e-12 0 0 0 0 0 0 0 0 0
             0           2300 1.19371e-12 0 0 0 0 0 -4.79758e-11 0 0 -9.8953e-10 8.41283e-12 0 0 0 0 0 0 0 0 0
             0           2340 2.01084e-12 0 0 0 0 0 -9.45874e-11 0 0 3.95812e-09 1.86446e-11 0 0 0 0 0 0 0 0 0
             0           2380 8.59757e-13 0 0 0 0 0 1.81899e-11 0 0 4.65661e-10 1.21076e-11 0 0 0 0 0 0 0 0 0
             0           2420 -2.04281e-12 0 0 0 0 0 2.50111e-11 0 0 -4.19095e-09 -1.84741e-11 0 0 0 0 0 0 0 0 0
             0           2460 -2.0961e-13 0 0 0 0 0 2.63753e-11 0 0 2.88128e-09 2.10321e-12 0 0 0 0 0 0 0 0 0
             0           2500 -7.4607e-13 0 0 0 0 0 2.36469e-11 0 0 -9.31323e-10 2.27374e-13 0 0 0 0 0 0 0 0 0
             0           2540 -1.65556e-12 0 0 0 0 0 5.22959e-11 0 0 3.55067e-09 -1.81331e-11 0 0 0 0 0 0 0 0 0
             0           2580 6.71463e-13 0 0 0 0 0 -1.5234e-11 0 0 -1.74623e-09 1.39266e-11 0 0 0 0 0 0 0 0 0
             0           2620 7.88702e-13 0 0 0 0 0 -6.09361e-11 0 0 4.5693e-09 6.9349e-12 0 0 0 0 0 0 0 0 0
             0           2660 5.71987e-13 0 0 0 0 0 -4.79758e-11 0 0 2.25555e-09 7.50333e-12 0 0 0 0 0 0 0 0 0
             0           2700 -2.73559e-13 0 0 0 0 0 -8.86757e-12 0 0 -9.74978e-10 -4.43379e-12 0 0 0 0 0 0 0 0 0
             0           2740 -1.12266e-12 0 0 0 0 0 7.68523e-11 0 0 -2.85218e-09 -1.36424e-11 0 0 0 0 0 0 0 0 0
             0           2780 -3.58824e-13 0 0 0 0 0 -3.41061e-12 0 0 3.7835e-10 -3.38218e-12 0 0 0 0 0 0 0 0 0
             0           2820 -7.70939e-13 0 0 0 0 0 2.31921e-11 0 0 -1.10595e-09 -2.84217e-12 0 0 0 0 0 0 0 0 0
             0           2860 -9.52127e-13 0 0 0 0 0 1.11413e-11 0 0 -1.13505e-09 -8.29914e-12 0 0 0 0 0 0 0 0 0
             0           2900 6.57252e-13 0 0 0 0 0 -6.00267e-11 0 0 3.57977e-09 5.45697e-12 0 0 0 0 0 0 0 0 0
             0           2940 6.92779e-13 0 0 0 0 0 -8.00355e-11 0 0 4.2055e-09 2.50111e-12 0 0 0 0 0 0 0 0 0
             0           2980 5.32907e-14 0 0 0 0 0 -1.13687e-12 0 0 -2.53203e-09 9.09495e-13 0 0 0 0 0 0 0 0 0
             0           3020 -1.42109e-13 0 0 0 0 0 3.09228e-11 0 0 -2.89583e-09 -1.02318e-12 0 0 0 0 0 0 0 0 0
             0           3060 -4.9738e-14 0 0 0 0 0 -1.31877e-11 0 0 1.03319e-09 -9.37916e-13 0 0 0 0 0 0 0 0 0
             0           3100 3.37508e-13 0 0 0 0 0 1.75078e-11 0 0 -3.46336e-09 2.47269e-12 0 0 0 0 0 0 0 0 0
             0           3140 -9.91207e-13 0 0 0 0 0 -4.09273e-12 0 0 -1.16415e-10 -8.52651e-12 0 0 0 0 0 0 0 0 0
             0           3180 -9.23706e-14 0 0 0 0 0 -7.27596e-12 0 0 -1.83354e-09 2.98428e-12 0 0 0 0 0 0 0 0 0
             0           3220 3.87246e-13 0 0 0 0 0 -1.97815e-11 0 0 1.42609e-09 2.13163e-12 0 0 0 0 0 0 0 0 0
             0           3260 5.86198e-13 0 0 0 0 0 -8.18545e-12 0 0 2.28465e-09 3.32534e-12 0 0 0 0 0 0 0 0 0
             0           3300 -7.21201e-13 0 0 0 0 0 5.97993e-11 0 0 -1.55705e-09 -5.20117e-12 0 0 0 0 0 0 0 0 0
             0           3340 -4.01457e-13 0 0 0 0 0 4.3201e-12 0 0 9.02219e-10 -3.28271e-12 0 0 0 0 0 0 0 0 0
             0           3380 1.77636e-13 0 0 0 0 0 1.43245e-11 0 0 1.49885e-09 -1.60583e-12 0 0 0 0 0 0 0 0 0
             0           3420 8.02913e-13 0 0 0 0 0 -3.68345e-11 0 0 1.68802e-09 5.17275e-12 0 0 0 0 0 0 0 0 0
             0           3460 -9.41469e-14 0 0 0 0 0 1.27329e-11 0 0 1.32422e-09 5.11591e-13 0 0 0 0 0 0 0 0 0
             0           3500 -5.32907e-15 0 0 0 0 0 2.27374e-12 0 0 2.45927e-09 2.359e-12 0 0 0 0 0 0 0 0 0
             0           3540 5.32907e-14 0 0 0 0 0 -5.22959e-12 0 0 4.36557e-10 -1.62004e-12 0 0 0 0 0 0 0 0 0
             0           3580 7.8515e-13 0 0 0 0 0 -2.81943e-11 0 0 -2.15368e-09 5.1017e-12 0 0 0 0 0 0 0 0 0
             0           3620 -2.98428e-13 0 0 0 0 0 4.8658e-11 0 0 -3.79805e-09 -1.44951e-12 0 0 0 0 0 0 0 0 0
             0           3660 1.77636e-15 0 0 0 0 0 -1.11413e-11 0 0 -9.8953e-10 5.96856e-13 0 0 0 0 0 0 0 0 0
             0           3700 2.84217e-13 0 0 0 0 0 2.54659e-11 0 0 -4.38013e-09 8.10019e-13 0 0 0 0 0 0 0 0 0
             0           3740 4.83169e-13 0 0 0 0 0 -2.50111e-12 0 0 -1.36788e-09 2.00373e-12 0 0 0 0 0 0 0 0 0
             0           3780 -1.72307e-13 0 0 0 0 0 -2.6148e-12 0 0 5.60249e-09 -5.68434e-13 0 0 0 0 0 0 0 0 0
             0           3820 -1.72307e-13 0 0 0 0 0 -3.51292e-11 0 0 1.9063e-09 -1.84741e-12 0 0 0 0 0 0 0 0 0
             0           3860 5.04485e-13 0 0 0 0 0 -2.9786e-11 0 0 3.7835e-10 2.47269e-12 0 0 0 0 0 0 0 0 0
             0           3900 2.54019e-13 0 0 0 0 0 -6.82121e-13 0 0 -5.34055e-09 1.08713e-12 0 0 0 0 0 0 0 0 0
             0           3940 -1.01252e-13 0 0 0 0 0 -1.4893e-11 0 0 1.30967e-09 -1.22924e-12 0 0 0 0 0 0 0 0 0
             0           3980 -1.19016e-13 0 0 0 0 0 -1.31877e-11 0 0 -9.8953e-10 -1.11555e-12 0 0 0 0 0 0 0 0 0
