             0             20 -8.75 0 0 1.1458 298.7 0 0 0 0.0169731 0 0 0 0 0
             0             60 -8.75 0 0 1.1422 298.7 0 0 0 0.0169192 0 0 0 0 0
             0            100 -8.75 0 0 1.13861 298.7 0 0 0 0.0168654 0 0 0 0 0
             0            140 -8.75 0 0 1.13503 298.7 0 0 0 0.0168115 0 0 0 0 0
             0            180 -8.75 0 0 1.13145 298.7 0 0 0 0.0167577 0 0 0 0 0
             0            220 -8.75 0 0 1.12788 298.7 0 0 0 0.0167038 0 0 0 0 0
             0            260 -8.75 0 0 1.12432 298.7 0 0 0 0.01665 0 0 0 0 0
             0            300 -8.75 0 0 1.12076 298.7 0 0 0 0.0165962 0 0 0 0 0
             0            340 -8.75 0 0 1.11721 298.7 0 0 0 0.0165423 0 0 0 0 0
             0            380 -8.75 0 0 1.11367 298.7 0 0 0 0.0164885 0 0 0 0 0
             0            420 -8.75 0 0 1.11013 298.7 0 0 0 0.0164346 0 0 0 0 0
             0            460 -8.75 0 0 1.1066 298.7 0 0 0 0.0163808 0 0 0 0 0
             0            500 -8.75 0 0 1.10307 298.7 0 0 0 0.0163269 0 0 0 0 0
             0            540 -8.75 0 0 1.09943 298.777 0 0 0 0.0161833 0 0 0 0 0
             0            580 -8.75 0 0 1.09566 298.931 0 0 0 0.01595 0 0 0 0 0
             0            620 -8.75 0 0 1.0919 299.086 0 0 0 0.0157167 0 0 0 0 0
             0            660 -8.75 0 0 1.08815 299.24 0 0 0 0.0154833 0 0 0 0 0
             0            700 -8.75 0 0 1.08442 299.394 0 0 0 0.01525 0 0 0 0 0
             0            740 -8.678 0 0 1.08069 299.548 0 0 0 0.0150167 0 0 0 0 0
             0            780 -8.606 0 0 1.07697 299.702 0 0 0 0.0147833 0 0 0 0 0
             0            820 -8.534 0 0 1.07327 299.856 0 0 0 0.01455 0 0 0 0 0
             0            860 -8.462 0 0 1.06957 300.011 0 0 0 0.0143167 0 0 0 0 0
             0            900 -8.39 0 0 1.06588 300.165 0 0 0 0.0140833 0 0 0 0 0
             0            940 -8.318 0 0 1.0622 300.319 0 0 0 0.01385 0 0 0 0 0
             0            980 -8.246 0 0 1.05853 300.473 0 0 0 0.0136167 0 0 0 0 0
             0           1020 -8.174 0 0 1.05488 300.627 0 0 0 0.0133833 0 0 0 0 0
             0           1060 -8.102 0 0 1.05123 300.781 0 0 0 0.01315 0 0 0 0 0
             0           1100 -8.03 0 0 1.04759 300.936 0 0 0 0.0129167 0 0 0 0 0
             0           1140 -7.958 0 0 1.04396 301.09 0 0 0 0.0126833 0 0 0 0 0
             0           1180 -7.886 0 0 1.04034 301.244 0 0 0 0.01245 0 0 0 0 0
             0           1220 -7.814 0 0 1.03673 301.398 0 0 0 0.0122167 0 0 0 0 0
             0           1260 -7.742 0 0 1.03313 301.552 0 0 0 0.0119833 0 0 0 0 0
             0           1300 -7.67 0 0 1.02954 301.706 0 0 0 0.01175 0 0 0 0 0
             0           1340 -7.598 0 0 1.02596 301.86 0 0 0 0.0115167 0 0 0 0 0
             0           1380 -7.526 0 0 1.02239 302.015 0 0 0 0.0112833 0 0 0 0 0
             0           1420 -7.454 0 0 1.01882 302.169 0 0 0 0.01105 0 0 0 0 0
             0           1460 -7.382 0 0 1.01527 302.323 0 0 0 0.0108167 0 0 0 0 0
             0           1500 -7.31 0 0 1.01145 302.623 0 0 0 0.01045 0 0 0 0 0
             0           1540 -7.238 0 0 1.00738 303.069 0 0 0 0.00995 0 0 0 0 0
             0           1580 -7.166 0 0 1.00332 303.515 0 0 0 0.00945 0 0 0 0 0
             0           1620 -7.094 0 0 0.999283 303.962 0 0 0 0.00895 0 0 0 0 0
             0           1660 -7.022 0 0 0.995263 304.408 0 0 0 0.00845 0 0 0 0 0
             0           1700 -6.95 0 0 0.991262 304.854 0 0 0 0.00795 0 0 0 0 0
             0           1740 -6.878 0 0 0.987278 305.3 0 0 0 0.00745 0 0 0 0 0
             0           1780 -6.806 0 0 0.983313 305.746 0 0 0 0.00695 0 0 0 0 0
             0           1820 -6.734 0 0 0.979366 306.192 0 0 0 0.00645 0 0 0 0 0
             0           1860 -6.662 0 0 0.975437 306.638 0 0 0 0.00595 0 0 0 0 0
             0           1900 -6.59 0 0 0.971525 307.085 0 0 0 0.00545 0 0 0 0 0
             0           1940 -6.518 0 0 0.967632 307.531 0 0 0 0.00495 0 0 0 0 0
             0           1980 -6.446 0 0 0.963755 307.977 0 0 0 0.00445 0 0 0 0 0
             0           2020 -6.374 0 0 0.960017 308.273 0 0 0 0.004176 0 0 0 0 0
             0           2060 -6.302 0 0 0.956412 308.419 0 0 0 0.004128 0 0 0 0 0
             0           2100 -6.23 0 0 0.952817 308.565 0 0 0 0.00408 0 0 0 0 0
             0           2140 -6.158 0 0 0.949234 308.711 0 0 0 0.004032 0 0 0 0 0
             0           2180 -6.086 0 0 0.945661 308.857 0 0 0 0.003984 0 0 0 0 0
             0           2220 -6.014 0 0 0.942099 309.003 0 0 0 0.003936 0 0 0 0 0
             0           2260 -5.942 0 0 0.938547 309.149 0 0 0 0.003888 0 0 0 0 0
             0           2300 -5.87 0 0 0.935007 309.295 0 0 0 0.00384 0 0 0 0 0
             0           2340 -5.798 0 0 0.931477 309.441 0 0 0 0.003792 0 0 0 0 0
             0           2380 -5.726 0 0 0.927958 309.587 0 0 0 0.003744 0 0 0 0 0
             0           2420 -5.654 0 0 0.924449 309.733 0 0 0 0.003696 0 0 0 0 0
             0           2460 -5.582 0 0 0.920951 309.879 0 0 0 0.003648 0 0 0 0 0
             0           2500 -5.51 0 0 0.917464 310.025 0 0 0 0.0036 0 0 0 0 0
             0           2540 -5.438 0 0 0.913987 310.171 0 0 0 0.003552 0 0 0 0 0
             0           2580 -5.366 0 0 0.910521 310.317 0 0 0 0.003504 0 0 0 0 0
             0           2620 -5.294 0 0 0.907065 310.463 0 0 0 0.003456 0 0 0 0 0
             0           2660 -5.222 0 0 0.90362 310.609 0 0 0 0.003408 0 0 0 0 0
             0           2700 -5.15 0 0 0.900185 310.755 0 0 0 0.00336 0 0 0 0 0
             0           2740 -5.078 0 0 0.89676 310.901 0 0 0 0.003312 0 0 0 0 0
             0           2780 -5.006 0 0 0.893346 311.047 0 0 0 0.003264 0 0 0 0 0
             0           2820 -4.934 0 0 0.889943 311.193 0 0 0 0.003216 0 0 0 0 0
             0           2860 -4.862 0 0 0.886549 311.339 0 0 0 0.003168 0 0 0 0 0
             0           2900 -4.79 0 0 0.883166 311.485 0 0 0 0.00312 0 0 0 0 0
             0           2940 -4.718 0 0 0.879793 311.631 0 0 0 0.003072 0 0 0 0 0
             0           2980 -4.646 0 0 0.876431 311.777 0 0 0 0.003024 0 0 0 0 0
             0           3020 -4.574 0 0 0.873079 311.923 0 0 0 0.002976 0 0 0 0 0
             0           3060 -4.502 0 0 0.869737 312.069 0 0 0 0.002928 0 0 0 0 0
             0           3100 -4.43 0 0 0.866405 312.215 0 0 0 0.00288 0 0 0 0 0
             0           3140 -4.358 0 0 0.863083 312.361 0 0 0 0.002832 0 0 0 0 0
             0           3180 -4.286 0 0 0.859772 312.507 0 0 0 0.002784 0 0 0 0 0
             0           3220 -4.214 0 0 0.85647 312.653 0 0 0 0.002736 0 0 0 0 0
             0           3260 -4.142 0 0 0.853179 312.799 0 0 0 0.002688 0 0 0 0 0
             0           3300 -4.07 0 0 0.849898 312.945 0 0 0 0.00264 0 0 0 0 0
             0           3340 -3.998 0 0 0.846626 313.091 0 0 0 0.002592 0 0 0 0 0
             0           3380 -3.926 0 0 0.843365 313.237 0 0 0 0.002544 0 0 0 0 0
             0           3420 -3.854 0 0 0.840114 313.383 0 0 0 0.002496 0 0 0 0 0
             0           3460 -3.782 0 0 0.836872 313.529 0 0 0 0.002448 0 0 0 0 0
             0           3500 -3.71 0 0 0.833641 313.675 0 0 0 0.0024 0 0 0 0 0
             0           3540 -3.638 0 0 0.830419 313.821 0 0 0 0.002352 0 0 0 0 0
             0           3580 -3.566 0 0 0.827208 313.967 0 0 0 0.002304 0 0 0 0 0
             0           3620 -3.494 0 0 0.824006 314.113 0 0 0 0.002256 0 0 0 0 0
             0           3660 -3.422 0 0 0.820814 314.259 0 0 0 0.002208 0 0 0 0 0
             0           3700 -3.35 0 0 0.817632 314.405 0 0 0 0.00216 0 0 0 0 0
             0           3740 -3.278 0 0 0.814459 314.551 0 0 0 0.002112 0 0 0 0 0
             0           3780 -3.206 0 0 0.811297 314.697 0 0 0 0.002064 0 0 0 0 0
             0           3820 -3.134 0 0 0.808144 314.843 0 0 0 0.002016 0 0 0 0 0
             0           3860 -3.062 0 0 0.805 314.989 0 0 0 0.001968 0 0 0 0 0
             0           3900 -2.99 0 0 0.801867 315.135 0 0 0 0.00192 0 0 0 0 0
             0           3940 -2.918 0 0 0.798743 315.281 0 0 0 0.001872 0 0 0 0 0
             0           3980 -2.846 0 0 0.795628 315.427 0 0 0 0.001824 0 0 0 0 0
             0             20 -8.74999 3.11531e-06 0 1.14579 298.7 0 0 0 0.0169731 0 0 0 0 0
             0             60 -8.74994 0.000102624 0 1.1422 298.699 0 0 0 0.0169194 0 0 0 0 0
             0            100 -8.75001 -4.02066e-05 0 1.13861 298.701 0 0 0 0.016865 0 0 0 0 0
             0            140 -8.74993 6.73444e-05 0 1.13503 298.699 0 0 0 0.0168115 0 0 0 0 0
             0            180 -8.75005 0.000103512 0 1.13145 298.7 0 0 0 0.0167577 0 0 0 0 0
             0            220 -8.74991 -0.000134665 0 1.12788 298.7 0 0 0 0.0167035 0 0 0 0 0
             0            260 -8.7501 5.44431e-06 0 1.12432 298.7 0 0 0 0.0166496 0 0 0 0 0
             0            300 -8.74991 4.02472e-05 0 1.12076 298.7 0 0 0 0.0165959 0 0 0 0 0
             0            340 -8.75022 -9.00274e-05 0 1.11721 298.7 0 0 0 0.0165424 0 0 0 0 0
             0            380 -8.74992 9.93564e-08 0 1.11367 298.699 0 0 0 0.0164883 0 0 0 0 0
             0            420 -8.75011 0.000104185 0 1.11013 298.7 0 0 0 0.0164347 0 0 0 0 0
             0            460 -8.74995 6.56752e-06 0 1.10659 298.701 0 0 0 0.0163807 0 0 0 0 0
             0            500 -8.75006 4.1301e-05 0 1.10307 298.701 0 0 0 0.0163273 0 0 0 0 0
             0            540 -8.7501 0.00013575 0 1.09943 298.777 0 0 0 0.0161834 0 0 0 0 0
             0            580 -8.75006 -9.46542e-06 0 1.09566 298.932 0 0 0 0.0159498 0 0 0 0 0
             0            620 -8.75008 -8.93895e-05 0 1.0919 299.086 0 0 0 0.0157166 0 0 0 0 0
             0            660 -8.75013 0.000130258 0 1.08815 299.241 0 0 0 0.0154836 0 0 0 0 0
             0            700 -8.74989 6.11026e-05 0 1.08441 299.395 0 0 0 0.0152503 0 0 0 0 0
             0            740 -8.67798 3.5384e-05 0 1.08069 299.548 0 0 0 0.0150167 0 0 0 0 0
             0            780 -8.60604 -1.41273e-05 0 1.07697 299.703 0 0 0 0.0147833 0 0 0 0 0
             0            820 -8.53393 0.000181245 0 1.07326 299.857 0 0 0 0.01455 0 0 0 0 0
             0            860 -8.46183 -2.13141e-05 0 1.06956 300.011 0 0 0 0.0143164 0 0 0 0 0
             0            900 -8.39 -7.32928e-05 0 1.06588 300.165 0 0 0 0.0140834 0 0 0 0 0
             0            940 -8.31798 -1.5238e-05 0 1.0622 300.319 0 0 0 0.0138502 0 0 0 0 0
             0            980 -8.24587 0.000159453 0 1.05853 300.474 0 0 0 0.0136165 0 0 0 0 0
             0           1020 -8.17394 2.62549e-05 0 1.05488 300.627 0 0 0 0.0133835 0 0 0 0 0
             0           1060 -8.10175 4.1855e-05 0 1.05123 300.781 0 0 0 0.0131499 0 0 0 0 0
             0           1100 -8.02989 -4.60715e-05 0 1.04759 300.935 0 0 0 0.0129168 0 0 0 0 0
             0           1140 -7.958 -7.71826e-06 0 1.04396 301.088 0 0 0 0.0126835 0 0 0 0 0
             0           1180 -7.88599 1.72129e-05 0 1.04034 301.243 0 0 0 0.0124498 0 0 0 0 0
             0           1220 -7.81399 5.60949e-05 0 1.03672 301.399 0 0 0 0.0122162 0 0 0 0 0
             0           1260 -7.74195 8.64605e-05 0 1.03313 301.552 0 0 0 0.0119834 0 0 0 0 0
             0           1300 -7.67008 2.06962e-05 0 1.02954 301.707 0 0 0 0.0117499 0 0 0 0 0
             0           1340 -7.59789 -8.86176e-05 0 1.02596 301.86 0 0 0 0.0115168 0 0 0 0 0
             0           1380 -7.52611 -2.9746e-05 0 1.02238 302.015 0 0 0 0.0112837 0 0 0 0 0
             0           1420 -7.45398 0.00010262 0 1.01882 302.17 0 0 0 0.01105 0 0 0 0 0
             0           1460 -7.382 0.000206599 0 1.01527 302.324 0 0 0 0.0108166 0 0 0 0 0
             0           1500 -7.30996 -4.1713e-05 0 1.01145 302.624 0 0 0 0.0104499 0 0 0 0 0
             0           1540 -7.23814 -5.48322e-05 0 1.00738 303.069 0 0 0 0.00994975 0 0 0 0 0
             0           1580 -7.16607 8.85194e-05 0 1.00332 303.516 0 0 0 0.00944978 0 0 0 0 0
             0           1620 -7.094 0 0 0.999283 303.962 0 0 0 0.00895 0 0 0 0 0
             0           1660 -7.022 0 0 0.995263 304.408 0 0 0 0.00845 0 0 0 0 0
             0           1700 -6.95 0 0 0.991262 304.854 0 0 0 0.00795 0 0 0 0 0
             0           1740 -6.878 0 0 0.987278 305.3 0 0 0 0.00745 0 0 0 0 0
             0           1780 -6.806 0 0 0.983313 305.746 0 0 0 0.00695 0 0 0 0 0
             0           1820 -6.734 0 0 0.979366 306.192 0 0 0 0.00645 0 0 0 0 0
             0           1860 -6.662 0 0 0.975437 306.638 0 0 0 0.00595 0 0 0 0 0
             0           1900 -6.59 0 0 0.971525 307.085 0 0 0 0.00545 0 0 0 0 0
             0           1940 -6.518 0 0 0.967632 307.531 0 0 0 0.00495 0 0 0 0 0
             0           1980 -6.446 0 0 0.963755 307.977 0 0 0 0.00445 0 0 0 0 0
             0           2020 -6.374 0 0 0.960017 308.273 0 0 0 0.004176 0 0 0 0 0
             0           2060 -6.302 0 0 0.956412 308.419 0 0 0 0.004128 0 0 0 0 0
             0           2100 -6.23 0 0 0.952817 308.565 0 0 0 0.00408 0 0 0 0 0
             0           2140 -6.158 0 0 0.949234 308.711 0 0 0 0.004032 0 0 0 0 0
             0           2180 -6.086 0 0 0.945661 308.857 0 0 0 0.003984 0 0 0 0 0
             0           2220 -6.014 0 0 0.942099 309.003 0 0 0 0.003936 0 0 0 0 0
             0           2260 -5.942 0 0 0.938547 309.149 0 0 0 0.003888 0 0 0 0 0
             0           2300 -5.87 0 0 0.935007 309.295 0 0 0 0.00384 0 0 0 0 0
             0           2340 -5.798 0 0 0.931477 309.441 0 0 0 0.003792 0 0 0 0 0
             0           2380 -5.726 0 0 0.927958 309.587 0 0 0 0.003744 0 0 0 0 0
             0           2420 -5.654 0 0 0.924449 309.733 0 0 0 0.003696 0 0 0 0 0
             0           2460 -5.582 0 0 0.920951 309.879 0 0 0 0.003648 0 0 0 0 0
             0           2500 -5.51 0 0 0.917464 310.025 0 0 0 0.0036 0 0 0 0 0
             0           2540 -5.438 0 0 0.913987 310.171 0 0 0 0.003552 0 0 0 0 0
             0           2580 -5.366 0 0 0.910521 310.317 0 0 0 0.003504 0 0 0 0 0
             0           2620 -5.294 0 0 0.907065 310.463 0 0 0 0.003456 0 0 0 0 0
             0           2660 -5.222 0 0 0.90362 310.609 0 0 0 0.003408 0 0 0 0 0
             0           2700 -5.15 0 0 0.900185 310.755 0 0 0 0.00336 0 0 0 0 0
             0           2740 -5.078 0 0 0.89676 310.901 0 0 0 0.003312 0 0 0 0 0
             0           2780 -5.006 0 0 0.893346 311.047 0 0 0 0.003264 0 0 0 0 0
             0           2820 -4.934 0 0 0.889943 311.193 0 0 0 0.003216 0 0 0 0 0
             0           2860 -4.862 0 0 0.886549 311.339 0 0 0 0.003168 0 0 0 0 0
             0           2900 -4.79 0 0 0.883166 311.485 0 0 0 0.00312 0 0 0 0 0
             0           2940 -4.718 0 0 0.879793 311.631 0 0 0 0.003072 0 0 0 0 0
             0           2980 -4.646 0 0 0.876431 311.777 0 0 0 0.003024 0 0 0 0 0
             0           3020 -4.574 0 0 0.873079 311.923 0 0 0 0.002976 0 0 0 0 0
             0           3060 -4.502 0 0 0.869737 312.069 0 0 0 0.002928 0 0 0 0 0
             0           3100 -4.43 0 0 0.866405 312.215 0 0 0 0.00288 0 0 0 0 0
             0           3140 -4.358 0 0 0.863083 312.361 0 0 0 0.002832 0 0 0 0 0
             0           3180 -4.286 0 0 0.859772 312.507 0 0 0 0.002784 0 0 0 0 0
             0           3220 -4.214 0 0 0.85647 312.653 0 0 0 0.002736 0 0 0 0 0
             0           3260 -4.142 0 0 0.853179 312.799 0 0 0 0.002688 0 0 0 0 0
             0           3300 -4.07 0 0 0.849898 312.945 0 0 0 0.00264 0 0 0 0 0
             0           3340 -3.998 0 0 0.846626 313.091 0 0 0 0.002592 0 0 0 0 0
             0           3380 -3.926 0 0 0.843365 313.237 0 0 0 0.002544 0 0 0 0 0
             0           3420 -3.854 0 0 0.840114 313.383 0 0 0 0.002496 0 0 0 0 0
             0           3460 -3.782 0 0 0.836872 313.529 0 0 0 0.002448 0 0 0 0 0
             0           3500 -3.71 0 0 0.833641 313.675 0 0 0 0.0024 0 0 0 0 0
             0           3540 -3.638 0 0 0.830419 313.821 0 0 0 0.002352 0 0 0 0 0
             0           3580 -3.566 0 0 0.827208 313.967 0 0 0 0.002304 0 0 0 0 0
             0           3620 -3.494 0 0 0.824006 314.113 0 0 0 0.002256 0 0 0 0 0
             0           3660 -3.422 0 0 0.820814 314.259 0 0 0 0.002208 0 0 0 0 0
             0           3700 -3.35 0 0 0.817632 314.405 0 0 0 0.00216 0 0 0 0 0
             0           3740 -3.278 0 0 0.814459 314.551 0 0 0 0.002112 0 0 0 0 0
             0           3780 -3.206 0 0 0.811297 314.697 0 0 0 0.002064 0 0 0 0 0
             0           3820 -3.134 0 0 0.808144 314.843 0 0 0 0.002016 0 0 0 0 0
             0           3860 -3.062 0 0 0.805 314.989 0 0 0 0.001968 0 0 0 0 0
             0           3900 -2.99 0 0 0.801867 315.135 0 0 0 0.00192 0 0 0 0 0
             0           3940 -2.918 0 0 0.798743 315.281 0 0 0 0.001872 0 0 0 0 0
             0           3980 -2.846 0 0 0.795628 315.427 0 0 0 0.001824 0 0 0 0 0
             0             20 -8.75015 1.53013e-05 0 1.1458 298.7 0 0 0 0.0169728 0 0 0 0 0
             0             60 -8.74994 4.82279e-05 0 1.1422 298.7 0 0 0 0.0169196 0 0 0 0 0
             0            100 -8.75002 0.000146916 0 1.1386 298.702 0 0 0 0.0168651 0 0 0 0 0
             0            140 -8.74998 -5.32292e-05 0 1.13503 298.7 0 0 0 0.0168117 0 0 0 0 0
             0            180 -8.74981 -3.41167e-05 0 1.13146 298.699 0 0 0 0.0167575 0 0 0 0 0
             0            220 -8.74998 -3.74771e-05 0 1.12788 298.7 0 0 0 0.0167037 0 0 0 0 0
             0            260 -8.74995 -0.000104952 0 1.12432 298.7 0 0 0 0.0166501 0 0 0 0 0
             0            300 -8.74999 3.96602e-05 0 1.12077 298.699 0 0 0 0.0165959 0 0 0 0 0
             0            340 -8.75004 0.000162623 0 1.11721 298.701 0 0 0 0.016542 0 0 0 0 0
             0            380 -8.74994 3.94881e-06 0 1.11367 298.7 0 0 0 0.0164885 0 0 0 0 0
             0            420 -8.74999 0.000105239 0 1.11013 298.7 0 0 0 0.0164343 0 0 0 0 0
             0            460 -8.75 -8.35404e-05 0 1.10659 298.702 0 0 0 0.0163808 0 0 0 0 0
             0            500 -8.74999 6.53991e-05 0 1.10307 298.7 0 0 0 0.0163268 0 0 0 0 0
             0            540 -8.75011 -6.53371e-05 0 1.09943 298.777 0 0 0 0.0161837 0 0 0 0 0
             0            580 -8.75012 9.57542e-05 0 1.09567 298.929 0 0 0 0.0159497 0 0 0 0 0
             0            620 -8.74986 -0.00019972 0 1.09191 299.085 0 0 0 0.0157168 0 0 0 0 0
             0            660 -8.74994 -7.58007e-05 0 1.08816 299.239 0 0 0 0.0154834 0 0 0 0 0
             0            700 -8.74999 -3.82909e-05 0 1.08441 299.397 0 0 0 0.0152496 0 0 0 0 0
             0            740 -8.67787 -2.67604e-05 0 1.08069 299.547 0 0 0 0.0150168 0 0 0 0 0
             0            780 -8.60595 0.000130685 0 1.07697 299.702 0 0 0 0.0147833 0 0 0 0 0
             0            820 -8.53401 0.000104344 0 1.07327 299.856 0 0 0 0.01455 0 0 0 0 0
             0            860 -8.46203 7.33043e-05 0 1.06957 300.011 0 0 0 0.0143168 0 0 0 0 0
             0            900 -8.38998 -4.34187e-05 0 1.06588 300.164 0 0 0 0.0140834 0 0 0 0 0
             0            940 -8.31801 6.3527e-05 0 1.0622 300.319 0 0 0 0.0138502 0 0 0 0 0
             0            980 -8.24604 1.28112e-05 0 1.05854 300.472 0 0 0 0.0136169 0 0 0 0 0
             0           1020 -8.17397 1.41949e-05 0 1.05487 300.628 0 0 0 0.0133834 0 0 0 0 0
             0           1060 -8.102 1.00462e-05 0 1.05123 300.782 0 0 0 0.0131495 0 0 0 0 0
             0           1100 -8.03005 -3.11263e-05 0 1.04759 300.936 0 0 0 0.0129162 0 0 0 0 0
             0           1140 -7.95788 3.8255e-05 0 1.04396 301.089 0 0 0 0.012683 0 0 0 0 0
             0           1180 -7.88593 -6.64526e-05 0 1.04033 301.246 0 0 0 0.01245 0 0 0 0 0
             0           1220 -7.81403 -4.18075e-05 0 1.03673 301.398 0 0 0 0.0122165 0 0 0 0 0
             0           1260 -7.74215 -9.06333e-05 0 1.03312 301.553 0 0 0 0.0119834 0 0 0 0 0
             0           1300 -7.67003 0.000133788 0 1.02953 301.708 0 0 0 0.0117499 0 0 0 0 0
             0           1340 -7.59795 1.0732e-06 0 1.02596 301.861 0 0 0 0.0115163 0 0 0 0 0
             0           1380 -7.52603 1.80196e-06 0 1.02238 302.015 0 0 0 0.0112833 0 0 0 0 0
             0           1420 -7.45395 1.2708e-05 0 1.01882 302.169 0 0 0 0.0110502 0 0 0 0 0
             0           1460 -7.38213 0.000119525 0 1.01528 302.321 0 0 0 0.0108168 0 0 0 0 0
             0           1500 -7.30998 -0.000103648 0 1.01145 302.624 0 0 0 0.0104498 0 0 0 0 0
             0           1540 -7.23803 -0.000147543 0 1.00738 303.068 0 0 0 0.00994988 0 0 0 0 0
             0           1580 -7.16599 -2.4136e-05 0 1.00332 303.515 0 0 0 0.00944997 0 0 0 0 0
             0           1620 -7.094 0 0 0.999283 303.962 0 0 0 0.00895 0 0 0 0 0
             0           1660 -7.022 0 0 0.995263 304.408 0 0 0 0.00845 0 0 0 0 0
             0           1700 -6.95 0 0 0.991262 304.854 0 0 0 0.00795 0 0 0 0 0
             0           1740 -6.878 0 0 0.987278 305.3 0 0 0 0.00745 0 0 0 0 0
             0           1780 -6.806 0 0 0.983313 305.746 0 0 0 0.00695 0 0 0 0 0
             0           1820 -6.734 0 0 0.979366 306.192 0 0 0 0.00645 0 0 0 0 0
             0           1860 -6.662 0 0 0.975437 306.638 0 0 0 0.00595 0 0 0 0 0
             0           1900 -6.59 0 0 0.971525 307.085 0 0 0 0.00545 0 0 0 0 0
             0           1940 -6.518 0 0 0.967632 307.531 0 0 0 0.00495 0 0 0 0 0
             0           1980 -6.446 0 0 0.963755 307.977 0 0 0 0.00445 0 0 0 0 0
             0           2020 -6.374 0 0 0.960017 308.273 0 0 0 0.004176 0 0 0 0 0
             0           2060 -6.302 0 0 0.956412 308.419 0 0 0 0.004128 0 0 0 0 0
             0           2100 -6.23 0 0 0.952817 308.565 0 0 0 0.00408 0 0 0 0 0
             0           2140 -6.158 0 0 0.949234 308.711 0 0 0 0.004032 0 0 0 0 0
             0           2180 -6.086 0 0 0.945661 308.857 0 0 0 0.003984 0 0 0 0 0
             0           2220 -6.014 0 0 0.942099 309.003 0 0 0 0.003936 0 0 0 0 0
             0           2260 -5.942 0 0 0.938547 309.149 0 0 0 0.003888 0 0 0 0 0
             0           2300 -5.87 0 0 0.935007 309.295 0 0 0 0.00384 0 0 0 0 0
             0           2340 -5.798 0 0 0.931477 309.441 0 0 0 0.003792 0 0 0 0 0
             0           2380 -5.726 0 0 0.927958 309.587 0 0 0 0.003744 0 0 0 0 0
             0           2420 -5.654 0 0 0.924449 309.733 0 0 0 0.003696 0 0 0 0 0
             0           2460 -5.582 0 0 0.920951 309.879 0 0 0 0.003648 0 0 0 0 0
             0           2500 -5.51 0 0 0.917464 310.025 0 0 0 0.0036 0 0 0 0 0
             0           2540 -5.438 0 0 0.913987 310.171 0 0 0 0.003552 0 0 0 0 0
             0           2580 -5.366 0 0 0.910521 310.317 0 0 0 0.003504 0 0 0 0 0
             0           2620 -5.294 0 0 0.907065 310.463 0 0 0 0.003456 0 0 0 0 0
             0           2660 -5.222 0 0 0.90362 310.609 0 0 0 0.003408 0 0 0 0 0
             0           2700 -5.15 0 0 0.900185 310.755 0 0 0 0.00336 0 0 0 0 0
             0           2740 -5.078 0 0 0.89676 310.901 0 0 0 0.003312 0 0 0 0 0
             0           2780 -5.006 0 0 0.893346 311.047 0 0 0 0.003264 0 0 0 0 0
             0           2820 -4.934 0 0 0.889943 311.193 0 0 0 0.003216 0 0 0 0 0
             0           2860 -4.862 0 0 0.886549 311.339 0 0 0 0.003168 0 0 0 0 0
             0           2900 -4.79 0 0 0.883166 311.485 0 0 0 0.00312 0 0 0 0 0
             0           2940 -4.718 0 0 0.879793 311.631 0 0 0 0.003072 0 0 0 0 0
             0           2980 -4.646 0 0 0.876431 311.777 0 0 0 0.003024 0 0 0 0 0
             0           3020 -4.574 0 0 0.873079 311.923 0 0 0 0.002976 0 0 0 0 0
             0           3060 -4.502 0 0 0.869737 312.069 0 0 0 0.002928 0 0 0 0 0
             0           3100 -4.43 0 0 0.866405 312.215 0 0 0 0.00288 0 0 0 0 0
             0           3140 -4.358 0 0 0.863083 312.361 0 0 0 0.002832 0 0 0 0 0
             0           3180 -4.286 0 0 0.859772 312.507 0 0 0 0.002784 0 0 0 0 0
             0           3220 -4.214 0 0 0.85647 312.653 0 0 0 0.002736 0 0 0 0 0
             0           3260 -4.142 0 0 0.853179 312.799 0 0 0 0.002688 0 0 0 0 0
             0           3300 -4.07 0 0 0.849898 312.945 0 0 0 0.00264 0 0 0 0 0
             0           3340 -3.998 0 0 0.846626 313.091 0 0 0 0.002592 0 0 0 0 0
             0           3380 -3.926 0 0 0.843365 313.237 0 0 0 0.002544 0 0 0 0 0
             0           3420 -3.854 0 0 0.840114 313.383 0 0 0 0.002496 0 0 0 0 0
             0           3460 -3.782 0 0 0.836872 313.529 0 0 0 0.002448 0 0 0 0 0
             0           3500 -3.71 0 0 0.833641 313.675 0 0 0 0.0024 0 0 0 0 0
             0           3540 -3.638 0 0 0.830419 313.821 0 0 0 0.002352 0 0 0 0 0
             0           3580 -3.566 0 0 0.827208 313.967 0 0 0 0.002304 0 0 0 0 0
             0           3620 -3.494 0 0 0.824006 314.113 0 0 0 0.002256 0 0 0 0 0
             0           3660 -3.422 0 0 0.820814 314.259 0 0 0 0.002208 0 0 0 0 0
             0           3700 -3.35 0 0 0.817632 314.405 0 0 0 0.00216 0 0 0 0 0
             0           3740 -3.278 0 0 0.814459 314.551 0 0 0 0.002112 0 0 0 0 0
             0           3780 -3.206 0 0 0.811297 314.697 0 0 0 0.002064 0 0 0 0 0
             0           3820 -3.134 0 0 0.808144 314.843 0 0 0 0.002016 0 0 0 0 0
             0           3860 -3.062 0 0 0.805 314.989 0 0 0 0.001968 0 0 0 0 0
             0           3900 -2.99 0 0 0.801867 315.135 0 0 0 0.00192 0 0 0 0 0
             0           3940 -2.918 0 0 0.798743 315.281 0 0 0 0.001872 0 0 0 0 0
             0           3980 -2.846 0 0 0.795628 315.427 0 0 0 0.001824 0 0 0 0 0
