          time          u_star          t_star          olen
             0          0.28         0.008         1e+34
          time          u_star          t_star          olen
             0          0.28         0.008         1e+34
          time          u_star          t_star          olen
             0          0.28         0.008         1e+34
           0.3          0.28         0.008         1e+34
           0.6          0.28         0.008         1e+34
           0.9          0.28         0.008         1e+34
           1.2          0.28         0.008         1e+34
           1.5          0.28         0.008         1e+34
           1.8          0.28         0.008         1e+34
           2.1          0.28         0.008         1e+34
           2.4          0.28         0.008         1e+34
           2.7          0.28         0.008         1e+34
             3          0.28         0.008         1e+34
           3.3          0.28         0.008         1e+34
           3.6          0.28         0.008         1e+34
           3.9          0.28         0.008         1e+34
           4.2          0.28         0.008         1e+34
           4.5          0.28         0.008         1e+34
           4.8          0.28         0.008         1e+34
           5.1          0.28         0.008         1e+34
           5.4          0.28         0.008         1e+34
           5.7          0.28         0.008         1e+34
             6          0.28         0.008         1e+34
